1245022247590510592
1245014955583250432 865345348193198081 1160640022971867138
1244878966474899456
1244869966056357888 865345348193198081
1244859949773213696
1244859674043826177
1244859161822756864
1244858722008137728
1244857320145854465
1244857269180936192
1244856132931325952 1160640022971867138
1244856000345235457
1244855463105179654 1160640022971867138
1244848487059070977 865345348193198081 1160640022971867138
1244847651130048513
1244846447100678144
1244846355899654144
1244846272244256768 865345348193198081 1160640022971867138
1244845976235507718
1244458644151959553